{"dataset_id": "ds_0000", "model": "EII", "loglik": -1051.0200120875647, "bic": -2136.262719023067, "icl": null, "weights": [0.5734409185357188, 0.42655908146428145], "means": [[0.6895389568592897, -3.0967746217123984], [1.2641429153805612, 2.715804008320717]], "cov": {"type": "EII", "lambda": [0.9878575370477803]}}
{"dataset_id": "ds_0000", "model": "VII", "loglik": -1050.3610143328383, "bic": -2140.64850598827, "icl": null, "weights": [0.5739874639404443, 0.4260125360595557], "means": [[0.6894951137863073, -3.0938491990478436], [1.2649391654873705, 2.7193195907904797]], "cov": {"type": "VII", "lambda": [1.046037661895034, 0.9104486460462312]}}
{"dataset_id": "ds_0000", "model": "EEI", "loglik": -1048.5221483929618, "bic": -2136.9707741085167, "icl": null, "weights": [0.5735513169627454, 0.42644868303725497], "means": [[0.6895519977936978, -3.095676098895324], [1.2642741286549952, 2.715831304287955]], "cov": {"type": "EEI", "lambda": 0.9813230356836296, "A": [0.878001688268905, 1.1389499739705862]}}
{"dataset_id": "ds_0000", "model": "VVI", "loglik": -1047.8375083340343, "bic": -2147.0090589399742, "icl": null, "weights": [0.5742684143277823, 0.4257315856722179], "means": [[0.6895148532029923, -3.0918302893061442], [1.2652922882312694, 2.7204325359960406]], "cov": {"type": "VVI", "diag": [[0.9119727099221584, 1.1871737421511521], [0.7930450764921337, 1.0273015683790252]]}}
{"dataset_id": "ds_0000", "model": "VEI", "loglik": -1047.837710057086, "bic": -2141.3056799114215, "icl": null, "weights": [0.5742534167058145, 0.42574658329418574], "means": [[0.6895139287347283, -3.0919138855856594], [1.2652732524631223, 2.7203405454245777]], "cov": {"type": "VEI", "lambda_g": [1.0404156393362014, 0.9026978794257201], "A": [0.8773955462690755, 1.1397368088455337]}}
{"dataset_id": "ds_0000", "model": "EVI", "loglik": -1048.533771818781, "bic": -2142.6978034348112, "icl": null, "weights": [0.5735011867815082, 0.426498813218492], "means": [[0.6895406290290995, -3.095984378763952], [1.264221863739126, 2.715562761808313]], "cov": {"type": "EVI", "lambda": 0.9717625661513576, "A_g": [[0.8811965528943655, 1.1348205990087166], [0.873493128940868, 1.1448286962629286]]}}
{"dataset_id": "ds_0000", "model": "VEE", "loglik": -1047.5033858120964, "bic": -2146.3408138960986, "icl": null, "weights": [0.574168595165893, 0.42583140483410686], "means": [[0.6898005652594207, -3.092325767644375], [1.2647720811527277, 2.719738160007922]], "cov": {"type": "VEE", "lambda_g": [1.0409252157089566, 0.9001843781781458], "A": [1.1481477214410427, 0.8709680656291315], "D": [[0.16215179353568018, -0.9867658262491472], [0.9867658262491472, 0.16215179353568018]]}}
{"dataset_id": "ds_0000", "model": "EVE", "loglik": -1048.1529520007077, "bic": -2147.639946273321, "icl": null, "weights": [0.5731377905364052, 0.42686220946359515], "means": [[0.6898349008112727, -3.0977415577391714], [1.2633375144725296, 2.7129745993774534]], "cov": {"type": "EVE", "lambda": 0.9709421877009948, "A_g": [[1.1259515959449948, 0.8881376460599218], [1.1825508964849942, 0.8456295648435876]], "D": [[0.16920879566211322, -0.9855802268058025], [0.9855802268058025, 0.16920879566211322]]}}
{"dataset_id": "ds_0000", "model": "VVE", "loglik": -1047.460274531019, "bic": -2151.9583738086, "icl": null, "weights": [0.5739413534243231, 0.42605864657567627], "means": [[0.6897826241925408, -3.0935598390133063], [1.264489583873575, 2.7183006608695974]], "cov": {"type": "VVE", "lambda_g": [1.0394051710606316, 0.9014334367440389], "A_g": [[1.1319567303892497, 0.8834259942569771], [1.1732422291185272, 0.8523389076706807]], "D": [[0.16351913053129621, -0.9865401633741473], [0.9865401633741473, 0.16351913053129621]]}}
{"dataset_id": "ds_0000", "model": "EVV", "loglik": -1047.8255648602812, "bic": -2152.6889544671244, "icl": null, "weights": [0.5731903309318344, 0.42680966906816564], "means": [[0.6899020243638353, -3.0974688208241092], [1.26331796824898, 2.7133236241836256]], "cov": {"type": "EVV", "lambda": 0.9698014733198148, "A_g": [[1.1330282499897033, 0.8825905267667312], [1.1937349179542431, 0.8377069188138893]], "D_g": [[[0.01715973119817827, -0.9998527609729375], [0.9998527609729375, 0.01715973119817827]], [[0.3301019589833318, -0.9439452826702228], [0.9439452826702228, 0.3301019589833318]]]}}
{"dataset_id": "ds_0000", "model": "EEV", "loglik": -1047.9153754086142, "bic": -2147.164793089134, "icl": null, "weights": [0.573492278444693, 0.426507721555308], "means": [[0.6898232427813427, -3.09595552995084], [1.2638298514724198, 2.7154025870038327]], "cov": {"type": "EEV", "lambda": 0.9696914629316957, "A": [1.1564722389446223, 0.8646986640272348], "D_g": [[[0.01618365660813721, -0.9998690360536174], [0.9998690360536174, 0.01618365660813721]], [[0.3318029034527392, -0.9433487336400744], [0.9433487336400744, 0.3318029034527392]]]}}
{"dataset_id": "ds_0000", "model": "VEV", "loglik": -1047.1649170681721, "bic": -2151.367658882906, "icl": null, "weights": [0.5742603710863222, 0.4257396289136785], "means": [[0.6898259812761713, -3.0918003329393255], [1.264861744238537, 2.7202823216788454]], "cov": {"type": "VEV", "lambda_g": [1.0408217514212754, 0.898175138893429], "A": [1.1572803611454883, 0.8640948499378228], "D_g": [[[0.01613525885060624, -0.9998698182372664], [0.9998698182372664, 0.01613525885060624]], [[0.3364860568282146, -0.9416884482461275], [0.9416884482461275, 0.3364860568282146]]]}}
{"dataset_id": "ds_0001", "model": "EII", "loglik": -933.8017706760184, "bic": -1918.9375836239426, "icl": null, "weights": [0.5191315195132419, 0.026253178518534835, 0.4546153019682233], "means": [[3.127065526938584, 0.9971081373361679], [1.184939535647653, -3.009274067965681], [1.6121224935308414, 2.159193170788182]], "cov": {"type": "EII", "lambda": [0.8336062721677197]}}
{"dataset_id": "ds_0001", "model": "VII", "loglik": -930.115382687653, "bic": -1922.972372596524, "icl": null, "weights": [0.7471897863461294, 0.023220188905862662, 0.2295900247480075], "means": [[2.772586432327058, 1.1673726118965162], [0.9894283816233712, -3.164816194416245], [1.2750522779941216, 2.7068608341409575]], "cov": {"type": "VII", "lambda": [1.0187932514018987, 0.3603281434896755, 0.4861484184289003]}}
{"dataset_id": "ds_0001", "model": "EEI", "loglik": -932.6649325713441, "bic": -1922.3676898892502, "icl": null, "weights": [0.42096129938091825, 0.02511665273734137, 0.55392204788174], "means": [[3.4151553985429115, 0.9987167577357494], [1.1044657922006254, -3.0547032757088415], [1.6644463378751462, 1.9434726058312282]], "cov": {"type": "EEI", "lambda": 0.7914330619823318, "A": [0.8208370009589859, 1.2182686682394892]}}
{"dataset_id": "ds_0001", "model": "VVI", "loglik": -923.6313096608835, "bic": -1927.115573966954, "icl": null, "weights": [0.6295565257311864, 0.02354298634133652, 0.3469004879274766], "means": [[2.9643889243608803, 1.0819575302973947], [1.0107759810654733, -3.153237234670403], [1.4335960946741897, 2.3445130063829316]], "cov": {"type": "VVI", "diag": [[1.078910569103148, 0.7712800204893665], [0.5707250102167554, 0.18889107139184144], [0.46894610046029434, 0.9880101457257907]]}}
{"dataset_id": "ds_0001", "model": "VEI", "loglik": -931.5968680063997, "bic": -1931.6391257086739, "icl": null, "weights": [0.40290607407894785, 0.02346533546249468, 0.5736285904585579], "means": [[3.4428648170971807, 0.9649196414310109], [1.0010785165539315, -3.1538574869414315], [1.7027053532133691, 1.927142172254834]], "cov": {"type": "VEI", "lambda_g": [0.7645374241201488, 0.4078388071764988, 0.8450179769307957], "A": [0.8396970357068528, 1.1909057165578831]}}
{"dataset_id": "ds_0001", "model": "EVI", "loglik": -925.1433871886879, "bic": -1918.7321640732503, "icl": null, "weights": [0.5168867235066891, 0.02891021108360462, 0.4542030654097066], "means": [[3.1683799932261354, 1.0263369523491872], [1.3334502900346186, -2.905982772058708], [1.5656397617391016, 2.143847572750334]], "cov": {"type": "EVI", "lambda": 0.731013528589688, "A_g": [[1.2369518706740192, 0.808438892173789], [1.4678448248313412, 0.6812709239308743], [0.7076461617687659, 1.4131356234597443]]}}
{"dataset_id": "ds_0001", "model": "VEE", "loglik": -922.4040473966713, "bic": -1918.9572669638733, "icl": null, "weights": [0.11970161941202721, 0.02320406502249126, 0.8570943155654814], "means": [[4.329492075456547, 1.3060632389190716], [0.9868731815702114, -3.166483149364095], [2.1540401637485553, 1.5603497542011173]], "cov": {"type": "VEE", "lambda_g": [0.253833568201692, 0.4422712162685813, 1.0517821977050545], "A": [1.5507206225633625, 0.6448614827517972], "D": [[-0.5665527214565088, -0.8240254934225176], [0.8240254934225176, -0.5665527214565088]]}}
{"dataset_id": "ds_0001", "model": "EVE", "loglik": -927.8695301345074, "bic": -1929.8882324395454, "icl": null, "weights": [0.4934761258813701, 0.029545137589785858, 0.476978736528844], "means": [[3.190507904156784, 1.0061438647542238], [1.3690834297094965, -2.8660033076480755], [1.619512494766871, 2.11413615923417]], "cov": {"type": "EVE", "lambda": 0.7213609151681636, "A_g": [[0.8111229018927184, 1.2328587907782476], [0.4866635873041126, 2.0548075222548077], [1.387088812416557, 0.7209343706390515]], "D": [[-0.30205934110611266, -0.9532891242695162], [0.9532891242695162, -0.30205934110611266]]}}
{"dataset_id": "ds_0001", "model": "VVE", "loglik": -934.9882871768833, "bic": -1927.0143991003285, "icl": null, "weights": [0.9727297652708254, 0.02727023472917469], "means": [[2.419636937653895, 1.542906268423362], [1.2361239980697998, -2.9556527340659144]], "cov": {"type": "VVE", "lambda_g": [1.1976574217410538, 0.5657433792267542], "A_g": [[1.478650104539329, 0.6762925163499369], [0.6279751079483995, 1.5924198066815245]], "D": [[-0.7910004990354051, -0.611815503665721], [0.611815503665721, -0.7910004990354051]]}}
{"dataset_id": "ds_0001", "model": "EVV", "loglik": -922.4089299228783, "bic": -1930.3745969655997, "icl": null, "weights": [0.5075312384050916, 0.03289760334835344, 0.4595711582465551], "means": [[3.1953914809633726, 1.0715887949802128], [1.5288816215239256, -2.6822610825471744], [1.5564613063223713, 2.0989234510621126]], "cov": {"type": "EVV", "lambda": 0.7251630771911741, "A_g": [[1.2220469287815028, 0.8182991802099576], [2.6028677433349126, 0.38419162962108644], [1.500337430842219, 0.6665167311320408]], "D_g": [[[-0.9999824806865792, 0.005919317521069204], [-0.005919317521069204, -0.9999824806865792]], [[-0.7964440917681671, 0.6047121701169733], [-0.6047121701169733, -0.7964440917681671]], [[-0.14119600073076508, -0.9899816611319816], [0.9899816611319816, -0.14119600073076508]]]}}
{"dataset_id": "ds_0001", "model": "EEV", "loglik": -923.7671826273161, "bic": -1921.6835374251627, "icl": null, "weights": [0.5091894541290302, 0.030597875630899687, 0.46021267024006995], "means": [[3.14671500211743, 1.0078339407264356], [1.4023430478112, -2.8170147136570636], [1.6126879974918424, 2.1582321053698945]], "cov": {"type": "EEV", "lambda": 0.734560125261836, "A": [1.3695100703533596, 0.730188131980644], "D_g": [[[-0.9953915927088676, 0.09589357207083123], [-0.09589357207083123, -0.9953915927088676]], [[-0.8378360093121783, 0.5459219921379278], [-0.5459219921379278, -0.8378360093121783]], [[-0.1962726103821113, -0.9805493676576369], [0.9805493676576369, -0.1962726103821113]]]}}
{"dataset_id": "ds_0001", "model": "VEV", "loglik": -933.8423033607523, "bic": -1924.7224314680666, "icl": null, "weights": [0.976520969092416, 0.02347903090758388], "means": [[2.4206039763330103, 1.5302459052499704], [1.0047996155212464, -3.1554839786013216]], "cov": {"type": "VEV", "lambda_g": [1.2161499680026147, 0.3235312297510758], "A": [1.4690372740391051, 0.6807179216430014], "D_g": [[[-0.7724147603708207, -0.6351184440411788], [0.6351184440411788, -0.7724147603708207]], [[-0.9843252095749566, 0.1763629263627073], [-0.1763629263627073, -0.9843252095749566]]]}}
{"dataset_id": "ds_0002", "model": "EII", "loglik": -1599.5139540728755, "bic": -3267.4732978416255, "icl": null, "weights": [0.34537871976275575, 0.5043979568634166, 0.15022332337382763], "means": [[1.2421875416520936, 0.7336743803046879, 0.3465974397410786], [1.0651210473516293, 3.396527508539564, 1.4023188678378213], [-2.014047588167343, 1.6466680832837186, 0.8485841209708517]], "cov": {"type": "EII", "lambda": [1.3372137240600523]}}
{"dataset_id": "ds_0002", "model": "VII", "loglik": -1593.682459891359, "bic": -3267.217874427905, "icl": null, "weights": [0.11841582784646412, 0.5809861811932435, 0.300597990960293], "means": [[-2.4096931832600377, 1.5996827674021834, 0.7451203699433344], [1.0090206232043248, 3.195389116175934, 1.3405564636505687], [1.207033600530043, 0.5590866596631433, 0.29086173334711957]], "cov": {"type": "VII", "lambda": [0.7541354186849373, 1.4999074500675988, 1.348704055829214]}}
{"dataset_id": "ds_0002", "model": "EEI", "loglik": -1585.7670598679417, "bic": -3251.3870743810703, "icl": null, "weights": [0.28922884960407025, 0.5773328550108852, 0.13343829538504481], "means": [[1.437911396305283, 0.8408416362880945, 0.03491967886780275], [0.9450533384441991, 3.0363379615017476, 1.462912742730904], [-2.2316134910023915, 1.6321527640292974, 0.7480904144164501]], "cov": {"type": "EEI", "lambda": 1.3446482068120298, "A": [0.8626287578338813, 1.6307123722084038, 0.710883937616401]}}
{"dataset_id": "ds_0002", "model": "VVI", "loglik": -1574.7614310537983, "bic": -3263.5985116007205, "icl": null, "weights": [0.2368225817311011, 0.45831652988139204, 0.3048608883875072], "means": [[-1.1625392329449264, 1.680412558262693, 0.8631762925364622], [1.0181676164632123, 3.274758120095676, 1.5772792949691306], [1.5495119659433807, 1.033683229544841, 0.08921599476408144]], "cov": {"type": "VVI", "diag": [[2.5295395823056745, 0.6525378949147338, 0.8143760428993213], [1.0419682968914976, 2.4692654443549777, 0.9536468359873406], [1.0967262524244328, 2.885246661104917, 1.041330192605095]]}}
{"dataset_id": "ds_0002", "model": "VEI", "loglik": -1580.0562851022853, "bic": -3251.37308979907, "icl": null, "weights": [0.1160792145402429, 0.5962564699049239, 0.28766431555483346], "means": [[-2.47016336571391, 1.6219263028703041, 0.7292411009148885], [0.9226644399680204, 2.991716263170241, 1.4332360084153017], [1.3915632233835478, 0.8407817150129514, 0.053135897239334824]], "cov": {"type": "VEI", "lambda_g": [0.773202852853711, 1.4241838995955334, 1.48247512687757], "A": [0.8571546473954077, 1.5916868121221366, 0.7329649339044316]}}
{"dataset_id": "ds_0002", "model": "EVI", "loglik": -1575.4967187553766, "bic": -3253.661522054565, "icl": null, "weights": [0.31655497786982084, 0.4511175725682303, 0.23232744956194887], "means": [[-0.5260728907370736, 1.7138860794145, 0.8662866851156364], [1.071312885868078, 3.37366954017669, 1.5309578718667989], [1.4933923013203318, 0.643506493202398, -0.044583981282738154]], "cov": {"type": "EVI", "lambda": 1.3537721540355603, "A_g": [[2.7194447876327548, 0.5686113858066421, 0.6467019976174772], [0.7710318062950404, 1.7459960769603102, 0.7428214612357168], [0.7001743122934896, 1.8650661053069073, 0.7657722016910693]]}}
{"dataset_id": "ds_0002", "model": "VEE", "loglik": -1571.6350629138917, "bic": -3251.641992846251, "icl": null, "weights": [0.3467233849985849, 0.5443711938749373, 0.10890542112647782], "means": [[1.748873944030356, 1.3568979287966476, 0.3805555254487065], [0.6200002212368041, 2.8678422953936487, 1.3708983687248837], [-2.5726235731843636, 1.6741685294475397, 0.7004811718021259]], "cov": {"type": "VEE", "lambda_g": [1.4939231241970312, 1.4071474300545255, 0.7181122530951053], "A": [2.0881065654612385, 0.7750034733578683, 0.6179362773471011], "D": [[0.1885192975393527, 0.4025608616529674, 0.8957707447335446], [0.9500356529999702, 0.15630854511754486, -0.2701849306533531], [0.2487825003576211, -0.9019492177436916, 0.3529799939477497]]}}
{"dataset_id": "ds_0002", "model": "EVE", "loglik": -1574.8119306583053, "bic": -3269.4032932843907, "icl": null, "weights": [0.15128859778155543, 0.5082623765053539, 0.34044902571309066], "means": [[-2.0074038320230776, 1.621536948554382, 0.7210513962753055], [0.7259773537959623, 3.0086804144131323, 1.5243742647072647], [1.7577475375502802, 1.2907832419307186, 0.2074975463687563]], "cov": {"type": "EVE", "lambda": 1.2410435436349099, "A_g": [[0.8137402624413559, 1.1755418539558737, 1.0453846023239919], [2.0817380550864093, 0.7377264391461086, 0.6511462898452736], [2.33944144543367, 0.5999236174166572, 0.712511471820306]], "D": [[-0.1869274963866393, -0.8544887054939337, 0.4846722225153043], [-0.9661555335227617, 0.07063009892863673, -0.2481025476867953], [-0.17776837777841847, 0.5146459378141761, 0.8387716987079363]]}}
{"dataset_id": "ds_0002", "model": "VVE", "loglik": -1567.377317912259, "bic": -3265.9416327416106, "icl": null, "weights": [0.12475570739370809, 0.5101598874437682, 0.3650844051625237], "means": [[-2.3803911153241177, 1.6522513077932324, 0.754882447112274], [0.6698223911965671, 2.8224966144479806, 1.4386592521893247], [1.695399622178185, 1.5555654035911652, 0.3461915682814432]], "cov": {"type": "VVE", "lambda_g": [0.7549622805478945, 1.3633111600598944, 1.578788965636403], "A_g": [[1.1187738808672074, 0.7899168149494891, 1.131556705525489], [2.1110206774913567, 0.7855118964965633, 0.6030519775808889], [2.371350863868845, 0.6424578894181567, 0.6563863131303539]], "D": [[0.12823634780478205, 0.4174084176748912, 0.8996252841910539], [0.960966992552825, 0.171931683567717, -0.21675316701157638], [0.24514868615937727, -0.8923058382862425, 0.3790678206266223]]}}
{"dataset_id": "ds_0002", "model": "EVV", "loglik": -1571.5373266998386, "bic": -3245.742737943489, "icl": null, "weights": [0.2796053346524945, 0.7203946653475054], "means": [[-0.9035406791741872, 1.9401620288097403, 1.233813200718584], [1.272008162831826, 2.3202356054967446, 0.8461063845525931]], "cov": {"type": "EVV", "lambda": 1.4847074445640875, "A_g": [[2.487354738075101, 0.7866285799712672, 0.5110843134111007], [2.6111435402068794, 0.7443168404216677, 0.5145308371408721]], "D_g": [[[-0.876314103972477, -0.48137725233982387, 0.018695777830208978], [-0.2587900653916053, 0.4376663780510117, -0.8610899160821233], [-0.40632658445334807, 0.7594235198184678, 0.5081088705317056]], [[0.05703171232821255, 0.7502256262432057, 0.6587176128789194], [-0.9489103117423732, 0.24583275594691073, -0.1978268848577941], [-0.310349164744976, -0.6137815293991311, 0.7259170958935733]]]}}
{"dataset_id": "ds_0002", "model": "EEV", "loglik": -1571.5134471123602, "bic": -3234.2874138192196, "icl": null, "weights": [0.27766542811638867, 0.7223345718836114], "means": [[-0.8986714095842216, 1.9699786103322094, 1.2394949078821047], [1.2642937470189355, 2.307753382659883, 0.8449635641791127]], "cov": {"type": "EEV", "lambda": 1.4853057193028931, "A": [2.592130607472022, 0.7506814576861597, 0.5139104290989892], "D_g": [[[-0.8768649887903336, -0.4772939312571958, 0.05743078110890846], [-0.2710906982044995, 0.3922709322930963, -0.8789956478987266], [-0.3970108622956369, 0.7863294594907128, 0.4733585917212432]], [[0.05592050488300725, 0.7483729526902055, -0.6609166519428704], [-0.9490524421463662, 0.24544608621930017, 0.19762510168408765], [-0.31011668640956347, -0.6161932671178513, -0.7239706474498679]]]}}
{"dataset_id": "ds_0002", "model": "VEV", "loglik": -1566.17159908567, "bic": -3229.3075002404958, "icl": null, "weights": [0.21746564788371453, 0.7825343521162855], "means": [[-1.3749677865787362, 1.8409678702493044, 1.146321953399453], [1.2302608297436233, 2.317620600748057, 0.9012072510902418]], "cov": {"type": "VEV", "lambda_g": [1.0399255458673602, 1.7010014784193277], "A": [2.441816076700708, 0.7546916465300731, 0.542647127356167], "D_g": [[[-0.8579913370669757, -0.5050128324625045, -0.09387707156820488], [-0.23119923249589935, 0.5428765700417661, -0.8073610992567046], [-0.45869137817418204, 0.6710045221515916, 0.5825419734583798]], [[0.04902525636054499, -0.729533353543968, 0.6821859059711473], [-0.9431229614095882, -0.25866212886467915, -0.20883721591995985], [-0.3288093731948504, 0.633146893823293, 0.7007206340198107]]]}}
{"dataset_id": "ds_0003", "model": "EII", "loglik": -1430.7965180587908, "bic": -2907.223295914831, "icl": null, "weights": [0.6679856393951652, 0.33201436060483513], "means": [[-1.9866055488275518, 2.0075171711974633, 1.2350069095582266], [1.0677061568903568, 2.7143767381970254, 0.9485702069457419]], "cov": {"type": "EII", "lambda": [1.018828702302062]}}
{"dataset_id": "ds_0003", "model": "VII", "loglik": -1430.7833712071908, "bic": -2912.9007846862874, "icl": null, "weights": [0.6661285747010114, 0.33387142529898817], "means": [[-1.9910837486503647, 2.006744454126098, 1.2350088188455002], [1.0596521655491553, 2.7119867312550183, 0.9501596201644597]], "cov": {"type": "VII", "lambda": [1.0119488791430462, 1.0319715507496727]}}
{"dataset_id": "ds_0003", "model": "EEI", "loglik": -1426.8148802256383, "bic": -2910.6675851978384, "icl": null, "weights": [0.30342350042651184, 0.6965764995734878], "means": [[1.0903488198282514, 2.8029794533987524, 0.8804135244616625], [-1.8711048350927855, 1.9979354196567605, 1.2529387052333507]], "cov": {"type": "EEI", "lambda": 1.0579186981117206, "A": [1.3081529035972153, 0.8515029420654671, 0.8977498425594815]}}
{"dataset_id": "ds_0003", "model": "VVI", "loglik": -1426.2314221065621, "bic": -2926.612016383655, "icl": null, "weights": [0.7842052498755416, 0.2157947501244577], "means": [[-1.6114017867222905, 2.015263278091666, 1.2661847305234983], [1.3491502451879842, 3.0669173157811023, 0.6810040458030354]], "cov": {"type": "VVI", "diag": [[1.8604985344745397, 0.9271445748811673, 0.9215296443902162], [1.3684382563248447, 0.5726174201902219, 0.9196679001243842]]}}
{"dataset_id": "ds_0003", "model": "VEI", "loglik": -1426.6997955320487, "bic": -2916.1411982853156, "icl": null, "weights": [0.2876198556441408, 0.712380144355859], "means": [[1.141640793346429, 2.8393986329645884, 0.8498144200985586], [-1.8261159736867685, 2.0010906883596156, 1.2570287326905116]], "cov": {"type": "VEI", "lambda_g": [1.0089631435827713, 1.0886622279785063], "A": [1.3448455257597682, 0.8376540144254687, 0.8876932619873109]}}
{"dataset_id": "ds_0003", "model": "EVI", "loglik": -1426.5990683191208, "bic": -2921.643526334116, "icl": null, "weights": [0.3128328720556977, 0.6871671279443023], "means": [[1.0480909679977233, 2.795419490048376, 0.8926602027303981], [-1.8924180968178184, 1.9903536346266932, 1.2524643873336934]], "cov": {"type": "EVI", "lambda": 1.0515011565275691, "A_g": [[1.38186253246443, 0.7860004166958753, 0.9206877867126387], [1.2726469544936507, 0.8803444710634788, 0.8925641029017138]]}}
{"dataset_id": "ds_0003", "model": "VEE", "loglik": -1426.3646387301837, "bic": -2932.5822321055543, "icl": null, "weights": [0.6840505639603857, 0.3159494360396148], "means": [[-1.9179453613671944, 2.0073990431728803, 1.2266629268150322], [1.0743535724498587, 2.750573831337125, 0.9520711534732733]], "cov": {"type": "VEE", "lambda_g": [1.0541622356030111, 1.0270778506885867], "A": [1.2668199351925242, 0.9189955451017366, 0.8589575569772102], "D": [[-0.9695738718288192, -0.2319870619748132, 0.07815695837970629], [-0.06287914835312897, 0.5445691157426571, 0.8363556007355035], [0.2365855442947817, -0.805994095050053, 0.5425871349149254]]}}
{"dataset_id": "ds_0003", "model": "EVE", "loglik": -1417.1421725551727, "bic": -2919.8410822301885, "icl": null, "weights": [0.6490147640870666, 0.3509852359129336], "means": [[-2.0023043319848792, 1.9805147800775478, 1.211979317792847], [0.9316485123295476, 2.726101464412048, 1.0066330538145516]], "cov": {"type": "EVE", "lambda": 1.0098819505597816, "A_g": [[1.1757589005806899, 0.8052887742049617, 1.0561608864004277], [1.5603989520554962, 1.2161616780004219, 0.5269544005522652]], "D": [[-0.9394146934346023, -0.2825219384508648, 0.1941169442710715], [-0.036605085076476085, 0.64574143119509, 0.7626782229647451], [0.34082268337907984, -0.7093654617558449, 0.6169607282171213]]}}
{"dataset_id": "ds_0003", "model": "VVE", "loglik": -1417.1375587696448, "bic": -2925.535637133789, "icl": null, "weights": [0.6482378125597932, 0.35176218744020643], "means": [[-2.004138466882729, 1.9801176027911238, 1.211621129169522], [0.9285481690062616, 2.7251865867212435, 1.0077466911441864]], "cov": {"type": "VVE", "lambda_g": [1.0032100174091072, 1.0172339069196923], "A_g": [[1.1749427065141596, 0.805196409212809, 1.0570158042149196], [1.5617677225531976, 1.2146713888905238, 0.5271385226769132]], "D": [[-0.9386628622709808, -0.28366704591015873, 0.19607406268513297], [-0.03711566291416196, 0.64840672032334, 0.7603888167286339], [0.34283298931067263, -0.7064713243325117, 0.6191637984703036]]}}
{"dataset_id": "ds_0003", "model": "EVV", "loglik": -1415.929359058899, "bic": -2934.52680266161, "icl": null, "weights": [0.36479924717788187, 0.6352007528221176], "means": [[0.8694938345800594, 2.698365160888947, 1.0102258847511623], [-2.0304146229618047, 1.9802292637099097, 1.214381697790226]], "cov": {"type": "EVV", "lambda": 1.012341899581138, "A_g": [[1.6442695772805866, 1.1675495112356882, 0.5208967792952823], [1.1840093402278522, 1.064033701112183, 0.7937605087187922]], "D_g": [[[-0.8577436905970914, -0.5029336287513367, 0.10645903583958531], [-0.27523418577532255, 0.6241825946616779, 0.7311923355055154], [0.4341910918264866, -0.5978744463450731, 0.6738132101599786]], [[-0.8157210930018423, 0.5675198433085815, 0.11189426206416006], [0.33464120418294996, 0.6207789561452046, -0.708977257794815], [0.4718202654558885, 0.5408832730435226, 0.6962980123818117]]]}}
{"dataset_id": "ds_0003", "model": "EEV", "loglik": -1419.648288148741, "bic": -2930.557095891981, "icl": null, "weights": [0.6739966744655126, 0.32600332553448746], "means": [[-1.9486900471532107, 2.0068975319794404, 1.228906754588976], [1.0456347646781565, 2.728691292846765, 0.9559005097708566]], "cov": {"type": "EEV", "lambda": 1.0165691860534256, "A": [1.2976987451988453, 1.0935059177496853, 0.7047011458149226], "D_g": [[[-0.9882201986105061, 0.11138119249611657, -0.10495269894745385], [0.004900522191497558, 0.7084708818775094, 0.7057230295335093], [0.15296020378014163, 0.6968954293793633, -0.7006710616042955]], [[-0.7048277547204824, -0.7010741194163002, 0.10822622260959949], [-0.41636492549758164, 0.5323717654901572, 0.7370349734743165], [0.5743327302105259, -0.4744211023906423, 0.6671330696460572]]]}}
{"dataset_id": "ds_0003", "model": "VEV", "loglik": -1419.6355034368125, "bic": -2936.2353089427806, "icl": null, "weights": [0.32290253688763976, 0.6770974631123601], "means": [[1.0588642858474901, 2.7322318971873027, 0.9526927122130003], [-1.9412865008290647, 2.0085145219033973, 1.2291862879133704]], "cov": {"type": "VEV", "lambda_g": [1.0058622748035102, 1.025702132197574], "A": [1.2991569185709135, 1.0906549408244772, 0.7057502138445687], "D_g": [[[-0.6894242373040125, -0.7158651521621002, 0.11059523017614248], [-0.4250626392392314, 0.5234486486690876, 0.7384600631919683], [0.5865287492875011, -0.4621023654196545, 0.6651657162939177]], [[-0.9902202856368145, 0.09286486936625145, -0.104114849809883], [-0.007440812768683636, 0.7100589215870173, 0.7041029485664887], [0.13931410631621916, 0.6979917219511068, -0.7024237580471222]]]}}
{"dataset_id": "ds_0004", "model": "EII", "loglik": -906.6581560119334, "bic": -1847.539006871804, "icl": null, "weights": [0.8364134921150123, 0.16358650788498713], "means": [[-0.27747437962269444, -2.9096270196808076], [1.7431787753876178, -3.0730562874364677]], "cov": {"type": "EII", "lambda": [0.9676072190016227]}}
{"dataset_id": "ds_0004", "model": "VII", "loglik": -905.2918010392664, "bic": -1850.5100794011262, "icl": null, "weights": [0.763800612404144, 0.23619938759585593], "means": [[-0.34696630120855926, -2.927366293832733], [1.3467024205125557, -2.9654508508588253]], "cov": {"type": "VII", "lambda": [0.8856359145140411, 1.3269893631192804]}}
{"dataset_id": "ds_0004", "model": "EEI", "loglik": -905.844352970503, "bic": -1851.6151832635994, "icl": null, "weights": [0.8108202639073627, 0.18917973609263758], "means": [[-0.3361580051815076, -2.9063742260639294], [1.7213309567606516, -3.064888121022225]], "cov": {"type": "EEI", "lambda": 0.9173524359315023, "A": [0.9026445364147967, 1.1078558166118062]}}
{"dataset_id": "ds_0004", "model": "VVI", "loglik": -903.3403151788856, "bic": -1858.014672629677, "icl": null, "weights": [0.8826197600854785, 0.11738023991452205], "means": [[-0.22738455990092932, -2.9191772283936523], [2.161959453685941, -3.065578483818036]], "cov": {"type": "VVI", "diag": [[0.9398082584121522, 0.9326473690849788], [0.48076305049114193, 1.6591795488355363]]}}
{"dataset_id": "ds_0004", "model": "VEI", "loglik": -904.9080821482868, "bic": -1855.4464240938232, "icl": null, "weights": [0.7757225043670025, 0.22427749563299695], "means": [[-0.3689259434273598, -2.9151885054790894], [1.512685744310321, -3.009595380053405]], "cov": {"type": "VEI", "lambda_g": [0.8716144605777509, 1.161948457066324], "A": [0.9234617974000529, 1.0828818288048683]}}
{"dataset_id": "ds_0004", "model": "EVI", "loglik": -903.3742799751647, "bic": -1852.378819747579, "icl": null, "weights": [0.8740700869828482, 0.12592991301715098], "means": [[-0.24334722584876273, -2.916983974895255], [2.1105370292814363, -3.070862172057702]], "cov": {"type": "EVI", "lambda": 0.9169290959914933, "A_g": [[0.9937209345686159, 1.0063187412209544], [0.5609580004657384, 1.7826646543408682]]}}
{"dataset_id": "ds_0004", "model": "VEE", "loglik": -904.0405324433084, "bic": -1859.4151071585227, "icl": null, "weights": [0.785301387326813, 0.21469861267318743], "means": [[-0.37199630460387817, -2.881357147308191], [1.6078651996860736, -3.1375520751007064]], "cov": {"type": "VEE", "lambda_g": [0.8597372501572927, 1.0597185648854435], "A": [1.1612989305425814, 0.8611047282483766], "D": [[0.3803010118529527, -0.9248627684060052], [0.9248627684060052, 0.3803010118529527]]}}
{"dataset_id": "ds_0004", "model": "EVE", "loglik": -904.5233560121669, "bic": -1860.3807542962397, "icl": null, "weights": [0.8366912222485632, 0.16330877775143696], "means": [[-0.298522216395132, -2.882609863209917], [1.854451033961967, -3.2117530997789396]], "cov": {"type": "EVE", "lambda": 0.9374352410110909, "A_g": [[1.1223754269222963, 0.8909674748868424], [1.3339072280144018, 0.7496773231288042]], "D": [[0.44534402573504817, -0.8953595360200842], [0.8953595360200842, 0.44534402573504817]]}}
{"dataset_id": "ds_0004", "model": "VVE", "loglik": -903.0151288166256, "bic": -1863.0680823798132, "icl": null, "weights": [0.6407157348596196, 0.3592842651403799], "means": [[-0.45022073867911155, -3.030945323675549], [0.9506142022406818, -2.767690040955515]], "cov": {"type": "VVE", "lambda_g": [0.7626966758127346, 1.4015147240076458], "A_g": [[0.8799416891786392, 1.1364389394181635], [1.3122823094383076, 0.7620311519920031]], "D": [[-0.7554643797644321, -0.6551897213076087], [0.6551897213076087, -0.7554643797644321]]}}
{"dataset_id": "ds_0004", "model": "EVV", "loglik": -902.6056503877371, "bic": -1862.2491255220361, "icl": null, "weights": [0.8564723611051208, 0.14352763889487957], "means": [[-0.27844243551918413, -2.8960401481672244], [2.031354142505871, -3.1769734584508265]], "cov": {"type": "EVV", "lambda": 0.887191703230614, "A_g": [[1.1043783612994662, 0.9054867743183147], [1.7236708076728349, 0.5801571828846609]], "D_g": [[[0.5829776523705651, -0.8124881887366147], [0.8124881887366147, 0.5829776523705651]], [[0.1208731781276521, -0.9926679579846026], [0.9926679579846026, 0.1208731781276521]]]}}
{"dataset_id": "ds_0004", "model": "EEV", "loglik": -904.1839059618821, "bic": -1859.7018541956702, "icl": null, "weights": [0.8261448116904707, 0.17385518830952953], "means": [[-0.3094044907114962, -2.8785675380788174], [1.7755589083580952, -3.2109953785263503]], "cov": {"type": "EEV", "lambda": 0.9403969532838393, "A": [1.1747042347284804, 0.8512781093626846], "D_g": [[[0.5844221488588138, -0.811449783981268], [0.811449783981268, 0.5844221488588138]], [[0.1172630826631409, -0.9931008858340312], [0.9931008858340312, 0.1172630826631409]]]}}
{"dataset_id": "ds_0004", "model": "VEV", "loglik": -902.924889652419, "bic": -1862.8876040513999, "icl": null, "weights": [0.5290759916379063, 0.4709240083620937], "means": [[-0.4857000904874515, -3.0730113554352796], [0.6583853555138692, -2.7828381849668617]], "cov": {"type": "VEV", "lambda_g": [0.6956535041158803, 1.4397642747557766], "A": [1.2655391397533144, 0.7901770625560622], "D_g": [[[-0.720318817404378, 0.6936431368457115], [-0.6936431368457115, -0.720318817404378]], [[-0.8461935362243348, -0.5328756883665792], [0.5328756883665792, -0.8461935362243348]]]}}
{"dataset_id": "ds_0005", "model": "EII", "loglik": -1078.461135252873, "bic": -2191.1449653536833, "icl": null, "weights": [0.7887853509541747, 0.21121464904582565], "means": [[0.5190085893429353, -2.877063310708775], [2.6714490643376805, 1.8543807422244618]], "cov": {"type": "EII", "lambda": [1.2980887505674827]}}
{"dataset_id": "ds_0005", "model": "VII", "loglik": -1062.9536866670237, "bic": -2188.6489805552656, "icl": null, "weights": [0.22243614728525476, 0.14103456308457463, 0.6365292896301706], "means": [[2.6064102517292653, 1.7426383634530351], [-1.0277268518344658, -2.609467256405483], [0.8464978917990575, -2.9807170475661877]], "cov": {"type": "VII", "lambda": [1.6843806407249917, 1.2361175614321538, 0.8374501203478716]}}
{"dataset_id": "ds_0005", "model": "EEI", "loglik": -1073.201725566534, "bic": -2186.329928455661, "icl": null, "weights": [0.21408247627500188, 0.7859175237249981], "means": [[2.6358888238124627, 1.840258113848047], [0.5208408387860795, -2.890481457671587]], "cov": {"type": "EEI", "lambda": 1.2647544684746175, "A": [1.2198325741200984, 0.8197846337406836]}}
{"dataset_id": "ds_0005", "model": "VVI", "loglik": -1070.8395745628025, "bic": -2193.0131913975106, "icl": null, "weights": [0.21865466367089212, 0.7813453363291082], "means": [[2.608665608089465, 1.7936105519133663], [0.5160824912436783, -2.905110227237099]], "cov": {"type": "VVI", "diag": [[1.8764707062104287, 1.3827607080636595], [1.4552286443572733, 0.9317460531982577]]}}
{"dataset_id": "ds_0005", "model": "VEI", "loglik": -1070.9502789597368, "bic": -2187.530817716723, "icl": null, "weights": [0.2179046000558616, 0.782095399944139], "means": [[2.6117833929489542, 1.8021878555243418], [0.5172207037872744, -2.902993726384596]], "cov": {"type": "VEI", "lambda_g": [1.6017879119245704, 1.1676129447309749], "A": [1.2306597972272477, 0.8125722496607606]}}
{"dataset_id": "ds_0005", "model": "EVI", "loglik": -1074.1034374519481, "bic": -2193.8371347011457, "icl": null, "weights": [0.7863325288264651, 0.2136674711735344], "means": [[0.5210913026627517, -2.8884045550201236], [2.6390751198189255, 1.8418032481636688]], "cov": {"type": "EVI", "lambda": 1.3710550979868743, "A_g": [[1.2245671051958407, 0.8166151089286964], [1.1914394412619322, 0.8393208797426027]]}}
{"dataset_id": "ds_0005", "model": "VEE", "loglik": -1067.132550471591, "bic": -2185.5991432150877, "icl": null, "weights": [0.21810912141777783, 0.7818908785822218], "means": [[2.6239195266652517, 1.7961110684177828], [0.5132874384681375, -2.902529348858778]], "cov": {"type": "VEE", "lambda_g": [1.5784242925992205, 1.1520842891945138], "A": [1.2934105668803266, 0.7731497063704798], "D": [[-0.9406174477976736, -0.33946843284551587], [0.33946843284551587, -0.9406174477976736]]}}
{"dataset_id": "ds_0005", "model": "EVE", "loglik": -1069.9270750344776, "bic": -2191.188192340861, "icl": null, "weights": [0.7874799310632767, 0.21252006893672307], "means": [[0.5187457406224194, -2.8836559626049576], [2.6592015127029507, 1.8497461676002156]], "cov": {"type": "EVE", "lambda": 1.340910642232687, "A_g": [[1.2746330199574951, 0.7845395375316315], [1.3208449805585736, 0.7570911157016389]], "D": [[-0.9348852918474592, -0.3549499839234972], [0.3549499839234972, -0.9348852918474592]]}}
{"dataset_id": "ds_0005", "model": "VVE", "loglik": -1067.0569090575805, "bic": -2191.151642861723, "icl": null, "weights": [0.7807534652897539, 0.2192465347102464], "means": [[0.5118485924138809, -2.9059548622891973], [2.618093770050972, 1.783933842495072]], "cov": {"type": "VVE", "lambda_g": [1.1463682172926681, 1.5949896842140932], "A_g": [[1.3162892128179722, 0.7597114602642334], [1.2362962352309945, 0.8088676253334672]], "D": [[-0.9408168007361379, -0.3389155461949451], [0.3389155461949451, -0.9408168007361379]]}}
{"dataset_id": "ds_0005", "model": "EVV", "loglik": -1069.7209608205426, "bic": -2196.479746387647, "icl": null, "weights": [0.2121544089459745, 0.7878455910540254], "means": [[2.6636722588470736, 1.8521176874057612], [0.5185352812762988, -2.8820976783289143]], "cov": {"type": "EVV", "lambda": 1.3381744493019965, "A_g": [[1.3339386257351558, 0.7496596775199333], [1.2729134454457625, 0.7855993693662411]], "D_g": [[[-0.8907460411134176, -0.4545013643992434], [0.4545013643992434, -0.8907460411134176]], [[-0.9472408662284308, -0.32052260660803944], [0.32052260660803944, -0.9472408662284308]]]}}
{"dataset_id": "ds_0005", "model": "EEV", "loglik": -1069.8157643269433, "bic": -2190.9655709257922, "icl": null, "weights": [0.7871298505706713, 0.21287014942932886], "means": [[0.5179441743988001, -2.8846095616331], [2.658645328054286, 1.8454878651029003]], "cov": {"type": "EEV", "lambda": 1.3415674406131635, "A": [1.2891245779339344, 0.7757202190673369], "D_g": [[[-0.9477214599511065, -0.3190987846234195], [0.3190987846234195, -0.9477214599511065]], [[-0.892555360350452, -0.45093783242224755], [0.45093783242224755, -0.892555360350452]]]}}
{"dataset_id": "ds_0005", "model": "VEV", "loglik": -1067.0294997830292, "bic": -2191.0968243126204, "icl": null, "weights": [0.21802468653715143, 0.7819753134628479], "means": [[2.6260257957975854, 1.7961038344631928], [0.5129280822402775, -2.90201998965451]], "cov": {"type": "VEV", "lambda_g": [1.57603161196319, 1.152502596227683], "A": [1.2949889145039433, 0.7722073824725048], "D_g": [[[-0.9017009247459663, -0.43236031537627184], [0.43236031537627184, -0.9017009247459663]], [[-0.9497570086514624, -0.31298821785719977], [0.31298821785719977, -0.9497570086514624]]]}}
{"dataset_id": "ds_0006", "model": "EII", "loglik": -1557.4761008166497, "bic": -3183.397591329174, "icl": null, "weights": [0.3662714779260264, 0.3105578104317734, 0.32317071164220046], "means": [[-2.3786926729665776, 1.7811226851848474, 1.1000765301539595], [1.6929416538409667, -2.9058547568384827, -1.6804002528041613], [-0.05591550113563424, -1.4706261128744407, -2.208708589963416]], "cov": {"type": "EII", "lambda": [1.033900872389634]}}
{"dataset_id": "ds_0006", "model": "VII", "loglik": -1555.5537892927337, "bic": -3190.960533230654, "icl": null, "weights": [0.3672418023246584, 0.2603087845491832, 0.3724494131261584], "means": [[-2.3775275791149415, 1.7787089108811491, 1.090904652407859], [1.8726345473180324, -3.0324633186401817, -1.6443694749084776], [0.05934499984990828, -1.5818635893021837, -2.1621907202092596]], "cov": {"type": "VII", "lambda": [1.0992118961563069, 0.8444993248074092, 1.0872989516929938]}}
{"dataset_id": "ds_0006", "model": "EEI", "loglik": -1556.873977899198, "bic": -3193.600910443583, "icl": null, "weights": [0.3667971878549102, 0.3083376637846839, 0.3248651483604059], "means": [[-2.3774720585998277, 1.7858117549106483, 1.0897096980987806], [1.6880466233927776, -2.9303717332649843, -1.6798293662928585], [-0.03693707043242393, -1.4677212923388534, -2.1992894206857927]], "cov": {"type": "EEI", "lambda": 1.030707494462768, "A": [1.0392286072872388, 0.9123041892689282, 1.0547492800858924]}}
